    8 T        1.0D-15
    2.113248654641211D-01
    7.560438541695476D-01
    2.211346291005611D-04
    3.303270917385817D-01
    6.653811042197049D-01
    6.283917883411050D-01
    8.497452358715236D-01
    6.857310198247433D-01
    8.782164813019335D-01
    6.837403681129217D-02
    5.608486062847078D-01
    6.623569373041391D-01
    7.263506767340004D-01
    1.985143842175603D-01
    5.442573162727058D-01
    2.320747897028923D-01
    2.312237196601927D-01
    2.164632631465793D-01
    8.833887814544141D-01
    6.525134947150946D-01
    3.076090742833912D-01
    9.329616213217378D-01
    2.146007861010730D-01
    3.126419968903065D-01
    3.616361008025706D-01
    2.922266637906432D-01
    5.664248815737665D-01
    4.826471973210573D-01
    3.321718913502991D-01
    5.935094701126218D-01
    5.015341597609222D-01
    4.368587583303452D-01
    2.693124809302390D-01
    6.325744865462184D-01
    4.051954015158117D-01
    9.184707831591368D-01
    4.373343335464597D-02
    4.818508932366967D-01
    2.639556000940502D-01
    4.148103706538677D-01
    2.806498021818697D-01
    1.280058464035392D-01
    7.783128595910966D-01
    2.119030449539423D-01
    1.121354666538537D-01
    6.856895955279469D-01
    1.531216683797538D-01
    6.970850601792336D-01
    8.415518426336348D-01
    4.062024755403399D-01
    4.094825475476682D-01
    8.784125801175833D-01
    1.138359685428441D-01
    1.998337740078568D-01
    5.618660743348300D-01
    5.896177329123020D-01
    6.853979662992060D-01
    8.906224733218551D-01
    5.042212805710733D-01
    3.493615407496691D-01
    3.873778772540390D-01
    9.222898678854108D-01
    9.488184261135757D-01
    3.435337245464325D-01
    3.760118731297553D-01
    7.340940563008189D-01
    2.615761472843587D-01
    4.993493836373091D-01
    2.638578419573605D-01
    5.253563085570931D-01
    5.376229803077877D-01
    1.199925504624844D-01
    2.256303490139544D-01
    6.274093082174659D-01
    7.608432597480714D-01
    4.855662025511265D-02
    6.723949727602303D-01
    2.017172696068883D-01
    3.911573919467628D-01
    8.300316557288170D-01
    8 F        1.0D-15
    3.873477369643006D-01
    3.918023379157990D-01
    8.812842564094304D-01
    1.060378437483574D-01
    2.266084190633150D-01
    5.448077012855513D-01
    6.020713638094981D-01
    7.053984687043776D-01
    8.473940105757670D-01
    4.636856730190522D-01
    3.559454639952924D-01
    3.694990323255710D-01
    9.836763857441344D-01
    9.097085100096890D-01
    3.720862985915115D-01
    4.218672409800275D-01
    7.374330730671075D-01
    2.647071647818556D-01
    4.988408337442856D-01
    2.652388247447586D-01
    5.206147424838721D-01
    5.406438757387924D-01
    1.177871164173923D-01
    2.220884270405610D-01
    6.409740569970412D-01
    7.735630119238618D-01
    4.649063735547850D-02
    6.780052125077818D-01
    1.824546671382901D-01
    4.034297734527995D-01
    8.210720844341665D-01
    5.734829650097926D-01
    4.583488231669927D-01
    2.002478939608363D-01
    8.438305715306394D-01
    1.104380623259103D-01
    3.204257424852269D-01
    8.385231536593204D-01
    8.656381592860002D-01
    5.517682022971319D-01
    1.038978189524568D+00
    6.918568785160096D-01
    9.853348002367345D-01
    6.900804114195551D-02
    6.834312059446180D-01
    4.518941028099275D-01
    5.781637675735614D-01
    8.057772411090780D-01
    5.348427205477134D-02
    8.177994426861823D-01
    9.278762895340861D-01
    5.622624646905912D-01
    5.864725866389375D-01
    8.062577390573723D-01
    6.401329181587426D-02
    5.710291722910763D-01
    1.524700921920506D-01
    7.537429697267545D-01
    2.635827600899362D-01
    5.579221216755258D-01
    9.494382216677251D-01
    7.644782499999458D-01
   -1.447036836758844D-02
    5.608479154262820D-01
   -5.008793719795205D-01
   -3.867745174092131D-01
   -4.096847568895548D-01
   -4.216297723238308D-01
   -5.412259428752335D-01
   -4.651283038611173D-01
   -1.880768223157280D-01
   -4.747182762211209D-01
   -3.262391614905797D-01
   -2.503597628424453D-01
   -2.308552695185398D-01
   -2.886426466682617D-01
   -3.257056477688148D-01
   -2.651356447271380D-01
   -1.016262301425587D-01
   -3.350921341087347D-01
   -7.949955591087985D-02
   -7.925882510915779D-02
   -4.774681983401296D-01
    9.378121250460887D-02
   -3.932089799905748D-01
   -5.072632153761363D-01
   -2.690980869737913D-01
    2.214139218837250D-01