6    2
2.113248654641211D-01
7.560438541695476D-01
2.211346291005611D-04
3.303270917385817D-01
6.653811042197049D-01
6.283917883411050D-01
8.497452358715236D-01
6.857310198247433D-01
8.782164813019335D-01
6.837403681129217D-02
5.608486062847078D-01
6.623569373041391D-01
7.263506767340004D-01
1.985143842175603D-01
5.442573162727058D-01
2.320747897028923D-01
2.312237196601927D-01
2.164632631465793D-01
8.833887814544141D-01
6.525134947150946D-01
3.076090742833912D-01
9.329616213217378D-01
2.146007861010730D-01
3.126419968903065D-01
3.616361008025706D-01
2.922266637906432D-01
5.664248815737665D-01
4.826471973210573D-01
3.321718913502991D-01
5.935094701126218D-01
5.015341597609222D-01
4.368587583303452D-01
2.693124809302390D-01
6.325744865462184D-01
4.051954015158117D-01
9.184707831591368D-01
4.373343335464597D-02
4.818508932366967D-01
2.639556000940502D-01
4.148103706538677D-01
2.806498021818697D-01
1.280058464035392D-01
7.783128595910966D-01
2.119030449539423D-01
1.121354666538537D-01
6.856895955279469D-01
1.531216683797538D-01
6.970850601792336D-01
5.618660743348300D-01
5.896177329123020D-01
6.853979662992060D-01
8.906224733218551D-01
5.042212805710733D-01
3.493615407496691D-01
3.873778772540390D-01
9.222898678854108D-01
9.488184261135757D-01
3.435337245464325D-01
3.760118731297553D-01
7.340940563008189D-01
8.813347620889544D-02
4.498763345181942D-01
0.000000000000000D+00
7.227253080345690D-01
0.100000000000000D+01
0.000000000000000D+00
0.000000000000000D+00
0.100000000000000D+01
6    2
2.113248654641211D-01
7.560438541695476D-01
2.211346291005611D-04
3.303270917385817D-01
6.653811042197049D-01
6.283917883411050D-01
8.497452358715236D-01
6.857310198247433D-01
8.782164813019335D-01
6.837403681129217D-02
5.608486062847078D-01
6.623569373041391D-01
7.263506767340004D-01
1.985143842175603D-01
5.442573162727058D-01
2.320747897028923D-01
2.312237196601927D-01
2.164632631465793D-01
8.833887814544141D-01
6.525134947150946D-01
3.076090742833912D-01
9.329616213217378D-01
2.146007861010730D-01
3.126419968903065D-01
3.616361008025706D-01
2.922266637906432D-01
5.664248815737665D-01
4.826471973210573D-01
3.321718913502991D-01
5.935094701126218D-01
5.015341597609222D-01
4.368587583303452D-01
2.693124809302390D-01
6.325744865462184D-01
4.051954015158117D-01
9.184707831591368D-01
4.373343335464597D-02
4.818508932366967D-01
2.639556000940502D-01
4.148103706538677D-01
2.806498021818697D-01
1.280058464035392D-01
7.783128595910966D-01
2.119030449539423D-01
1.121354666538537D-01
6.856895955279469D-01
1.531216683797538D-01
6.970850601792336D-01
8.415518426336355D-01
4.062024755403405D-01
4.094825475476685D-01
8.784125801175835D-01
1.138359685428445D-01
1.998337740078575D-01
5.618660743348300D-01
5.896177329123020D-01
6.853979662992060D-01
8.906224733218551D-01
5.042212805710733D-01
3.493615407496691D-01
3.873778772540390D-01
9.222898678854108D-01
9.488184261135757D-01
3.435337245464325D-01
3.760118731297553D-01
7.340940563008189D-01
8.813347620889544D-02
4.498763345181942D-01
0.000000000000000D+00
7.227253080345690D-01
0.100000000000000D+01
0.000000000000000D+00
0.000000000000000D+00
0.000000000000000D+00
0.100000000000000D+01
0.000000000000000D+00
0.000000000000000D+00
0.000000000000000D+00
0.100000000000000D+01